Rk,Player,Pos,Age,Tm,G,GS,MP,FG,FGA,FG%,3P,3PA,3P%,2P,2PA,2P%,eFG%,FT,FTA,FT%,ORB,DRB,TRB,AST,STL,BLK,TOV,PF,PTS\
1,Alex Abrines\\abrinal01,SG,25,OKC,12,0,275,29,79,.367,20,59,.339,9,20,.450,.494,6,7,.857,2,18,20,9,9,3,6,22,84\
2,Jaylen Adams\\adamsja01,PG,22,ATL,4,0,13,1,4,.250,1,4,.250,0,0,,.375,0,0,,0,2,2,1,0,1,0,0,3\
3,Steven Adams\\adamsst01,C,25,OKC,11,11,371,64,108,.593,0,0,,64,108,.593,.593,32,61,.525,54,64,118,18,15,12,15,27,160\
4,Bam Adebayo\\adebaba01,C,21,MIA,12,1,216,27,50,.540,0,2,.000,27,48,.563,.540,24,33,.727,24,47,71,11,7,6,13,32,78\
5,DeVaughn Akoon-Purcell\\akoonde01,SG,25,DEN,3,0,7,1,3,.333,0,1,.000,1,2,.500,.333,1,2,.500,1,0,1,0,0,0,0,1,3\
6,LaMarcus Aldridge\\aldrila01,C,33,SAS,11,11,391,83,192,.432,0,5,.000,83,187,.444,.432,47,60,.783,41,67,108,32,4,12,20,23,213\
7,Grayson Allen\\allengr01,SG,23,UTA,8,1,90,12,29,.414,6,19,.316,6,10,.600,.517,10,13,.769,0,2,2,3,0,0,2,8,40\
8,Jarrett Allen\\allenja01,C,20,BRK,13,13,343,59,98,.602,2,9,.222,57,89,.640,.612,28,46,.609,32,70,102,23,9,25,16,26,148\
9,Al-Farouq Aminu\\aminual01,PF,28,POR,13,13,376,36,88,.409,16,45,.356,20,43,.465,.500,22,26,.846,16,97,113,5,13,5,7,31,110\
10,Kyle Anderson\\anderky01,SF,25,MEM,11,8,290,25,58,.431,1,4,.250,24,54,.444,.440,11,19,.579,15,53,68,23,15,4,17,18,62\
11,Ryan Anderson\\anderry01,PF,30,PHO,11,8,238,18,55,.327,7,30,.233,11,25,.440,.391,11,14,.786,12,27,39,16,3,0,10,18,54\
12,Ike Anigbogu\\anigbik01,C,20,IND,1,0,3,0,2,.000,0,0,,0,2,.000,.000,0,0,,0,1,1,0,0,1,1,0,0\
13,Giannis Antetokounmpo\\antetgi01,PF,24,MIL,12,12,391,121,220,.550,2,26,.077,119,194,.613,.555,61,92,.663,31,125,156,69,17,16,56,41,305\
14,Carmelo Anthony\\anthoca01,PF,34,HOU,10,2,294,49,121,.405,21,64,.328,28,57,.491,.492,15,22,.682,9,45,54,5,4,7,8,32,134\
15,OG Anunoby\\anunoog01,SF,21,TOR,10,3,240,38,77,.494,12,37,.324,26,40,.650,.571,1,3,.333,8,21,29,5,6,3,6,27,89\
16,Ryan Arcidiacono\\arcidry01,PG,24,CHI,12,1,299,29,54,.537,19,36,.528,10,18,.556,.713,7,10,.700,1,21,22,53,10,1,10,28,84\
17,Trevor Ariza\\arizatr01,SF,33,PHO,12,12,407,39,105,.371,23,67,.343,16,38,.421,.481,24,27,.889,6,63,69,41,9,4,20,21,125\
18,D.J. Augustin\\augusdj01,PG,31,ORL,13,13,348,42,99,.424,22,51,.431,20,48,.417,.535,28,31,.903,10,22,32,60,9,0,14,13,134\
19,Deandre Ayton\\aytonde01,C,20,PHO,12,12,390,84,139,.604,0,0,,84,139,.604,.604,25,33,.758,33,98,131,36,8,9,24,31,193\
20,Dwayne Bacon\\bacondw01,SG,23,CHO,6,0,51,9,15,.600,4,7,.571,5,8,.625,.733,9,10,.900,1,3,4,4,2,0,0,8,31\
21,Marvin Bagley\\baglema01,PF,19,SAC,13,0,294,61,120,.508,7,14,.500,54,106,.509,.538,31,52,.596,32,44,76,11,7,16,28,26,160\
22,Ron Baker\\bakerro01,SG,25,NYK,8,0,87,1,11,.091,0,8,.000,1,3,.333,.091,5,6,.833,1,6,7,8,3,0,2,13,7\
23,Wade Baldwin\\baldwwa01,PG,22,POR,3,0,15,0,5,.000,0,2,.000,0,3,.000,.000,0,0,,0,3,3,2,0,0,3,1,0\
24,Lonzo Ball\\balllo01,PG,21,LAL,13,11,334,41,99,.414,21,58,.362,20,41,.488,.520,8,13,.615,10,52,62,64,16,1,21,25,111\
25,Mohamed Bamba\\bambamo01,C,20,ORL,13,0,250,42,78,.538,7,24,.292,35,54,.648,.583,6,12,.500,19,53,72,16,3,22,9,26,97\
26,J.J. Barea\\bareajo01,PG,34,DAL,12,0,220,39,112,.348,10,36,.278,29,76,.382,.393,18,25,.720,5,20,25,71,7,0,18,21,106\
27,Harrison Barnes\\barneha02,SF,26,DAL,8,8,244,40,106,.377,13,40,.325,27,66,.409,.439,23,30,.767,6,33,39,10,6,2,16,22,116\
28,Will Barton\\bartowi01,SG,28,DEN,2,2,54,12,21,.571,5,9,.556,7,12,.583,.690,4,4,1.000,0,10,10,6,1,2,3,5,33\
29,Keita Bates-Diop\\bateske01,SF,23,MIN,2,0,18,2,8,.250,0,4,.000,2,4,.500,.250,0,0,,0,3,3,0,0,1,0,1,4\
30,Nicolas Batum\\batumni01,SF,30,CHO,13,13,416,48,105,.457,22,54,.407,26,51,.510,.562,7,9,.778,12,68,80,50,16,8,29,22,125\
31,Aron Baynes\\baynear01,C,32,BOS,10,1,135,19,45,.422,7,21,.333,12,24,.500,.500,11,14,.786,15,19,34,8,1,2,5,19,56\
32,Kent Bazemore\\bazemke01,SG,29,ATL,13,13,371,69,147,.469,20,62,.323,49,85,.576,.537,32,43,.744,10,45,55,28,24,12,30,36,190\
33,Bradley Beal\\bealbr01,SG,25,WAS,12,12,410,98,207,.473,34,95,.358,64,112,.571,.556,41,53,.774,5,48,53,44,12,14,30,40,271\
34,Malik Beasley\\beaslma01,SG,22,DEN,13,0,237,34,79,.430,13,38,.342,21,41,.512,.513,1,1,1.000,2,27,29,10,4,1,10,20,82\
35,Michael Beasley\\beaslmi01,PF,30,LAL,3,0,10,1,3,.333,0,0,,1,3,.333,.333,1,2,.500,1,2,3,0,0,0,2,3,3\
36,Marco Belinelli\\belinma01,SG,32,SAS,11,0,245,42,107,.393,17,51,.333,25,56,.446,.472,22,25,.880,3,20,23,19,9,1,10,17,123\
37,Jordan Bell\\belljo01,C,24,GSW,12,1,165,11,20,.550,0,0,,11,20,.550,.550,6,9,.667,6,29,35,11,7,13,4,21,28\
38,DeAndre' Bembry\\bembrde01,SG,24,ATL,13,1,319,39,96,.406,11,29,.379,28,67,.418,.464,17,32,.531,8,58,66,30,16,8,22,30,106\
39,Dragan Bender\\bendedr01,PF,21,PHO,4,0,14,2,4,.500,0,1,.000,2,3,.667,.500,0,0,,2,3,5,0,0,0,2,1,4\
40,Davis Bertans\\bertada01,PF,26,SAS,11,2,193,24,51,.471,18,39,.462,6,12,.500,.647,7,7,1.000,6,21,27,13,3,5,4,13,73\
41,Patrick Beverley\\beverpa01,PG,30,LAC,12,12,320,30,84,.357,15,48,.313,15,36,.417,.446,11,15,.733,11,44,55,50,8,4,14,47,86\
42,Khem Birch\\birchkh01,C,26,ORL,4,0,28,5,8,.625,0,0,,5,8,.625,.625,0,0,,2,8,10,1,4,0,1,1,10\
43,Bismack Biyombo\\biyombi01,C,26,CHO,6,0,57,6,10,.600,0,0,,6,10,.600,.600,3,7,.429,5,10,15,2,0,8,3,13,15\
44,Nemanja Bjelica\\bjeline01,PF,30,SAC,13,13,338,62,122,.508,23,48,.479,39,74,.527,.602,13,19,.684,15,59,74,34,18,11,20,40,160\
45,Antonio Blakeney\\blakean01,SG,22,CHI,13,0,229,56,120,.467,18,38,.474,38,82,.463,.542,16,25,.640,2,28,30,8,4,3,7,10,146\
46,Eric Bledsoe\\bledser01,PG,29,MIL,13,13,369,67,146,.459,19,59,.322,48,87,.552,.524,27,34,.794,16,43,59,77,13,10,26,32,180\
47,Bogdan Bogdanovic\\bogdabo01,SG,26,SAC,2,0,39,4,13,.308,1,6,.167,3,7,.429,.346,4,5,.800,0,6,6,3,1,0,0,2,13\
48,Bojan Bogdanovic\\bogdabo02,SF,29,IND,14,14,427,68,133,.511,30,58,.517,38,75,.507,.624,31,41,.756,3,49,52,18,13,0,23,24,197\
49,Jonah Bolden\\boldejo01,PF,23,PHI,6,0,40,4,11,.364,1,7,.143,3,4,.750,.409,1,2,.500,0,9,9,2,3,1,2,6,10\
50,Devin Booker\\bookede01,SG,22,PHO,9,9,322,76,171,.444,24,72,.333,52,99,.525,.515,48,57,.842,5,29,34,58,10,1,43,32,224\
51,Chris Boucher\\bouchch01,PF,26,TOR,1,0,2,1,2,.500,0,1,.000,1,1,1.000,.500,4,6,.667,2,0,2,0,0,1,0,0,6\
52,Avery Bradley\\bradlav01,SG,28,LAC,9,9,247,28,80,.350,7,27,.259,21,53,.396,.394,1,1,1.000,7,10,17,14,6,3,14,25,64\
53,Mikal Bridges\\bridgmi01,SF,22,PHO,12,0,214,29,66,.439,13,35,.371,16,31,.516,.538,9,11,.818,2,14,16,9,14,1,9,20,80\
54,Miles Bridges\\bridgmi02,SF,20,CHO,12,0,247,39,70,.557,10,28,.357,29,42,.690,.629,6,10,.600,8,43,51,14,7,6,8,19,94\
55,Isaiah Briscoe\\briscis01,PG,22,ORL,5,0,34,4,12,.333,1,1,1.000,3,11,.273,.375,1,3,.333,0,3,3,5,0,0,1,4,10\
56,Ryan Broekhoff\\broekry01,SG,28,DAL,6,0,17,2,8,.250,2,8,.250,0,0,,.375,0,0,,0,2,2,0,0,0,0,1,6\
57,Malcolm Brogdon\\brogdma01,SG,26,MIL,13,13,394,71,140,.507,20,46,.435,51,94,.543,.579,25,25,1.000,11,40,51,45,8,2,20,24,187\
58,Dillon Brooks\\brookdi01,SF,23,MEM,11,0,208,27,66,.409,7,19,.368,20,47,.426,.462,14,18,.778,6,17,23,10,8,4,9,30,75\
59,MarShon Brooks\\brookma01,SG,30,MEM,10,0,136,28,59,.475,6,22,.273,22,37,.595,.525,13,16,.813,7,11,18,8,4,0,8,11,75\
60,Bruce Brown\\brownbr01,SG,22,DET,8,3,104,9,29,.310,1,11,.091,8,18,.444,.328,6,9,.667,3,9,12,2,4,2,3,19,25\
61,Jaylen Brown\\brownja02,SG,22,BOS,12,12,361,51,140,.364,14,51,.275,37,89,.416,.414,20,31,.645,15,36,51,15,6,6,15,33,136\
62,Lorenzo Brown\\brownlo01,PG,28,TOR,9,0,70,9,24,.375,2,10,.200,7,14,.500,.417,0,0,,1,9,10,8,3,2,6,8,20\
63,Sterling Brown\\brownst02,SG,23,MIL,7,0,41,5,13,.385,0,5,.000,5,8,.625,.385,5,6,.833,3,7,10,2,0,1,4,5,15\
64,Troy Brown\\browntr01,SF,19,WAS,5,0,26,5,12,.417,2,3,.667,3,9,.333,.500,4,4,1.000,2,7,9,0,2,0,1,1,16\
65,Jalen Brunson\\brunsja01,PG,22,DAL,12,1,161,21,55,.382,7,24,.292,14,31,.452,.445,4,4,1.000,1,13,14,15,5,0,8,9,53\
66,Thomas Bryant\\bryanth01,C,21,WAS,4,0,23,4,12,.333,0,4,.000,4,8,.500,.333,5,5,1.000,4,3,7,1,0,0,2,1,13\
67,Reggie Bullock\\bullore01,SG,27,DET,9,9,247,32,89,.360,16,45,.356,16,44,.364,.449,17,19,.895,4,19,23,19,3,2,8,13,97\
68,Trey Burke\\burketr01,PG,26,NYK,12,5,241,48,119,.403,10,32,.313,38,87,.437,.445,9,13,.692,9,15,24,42,5,0,14,12,115\
69,Alec Burks\\burksal01,SG,27,UTA,8,0,118,22,45,.489,11,19,.579,11,26,.423,.611,20,22,.909,0,7,7,9,2,3,4,8,75\
70,Deonte Burton\\burtode02,SG,25,OKC,3,0,13,2,6,.333,1,2,.500,1,4,.250,.417,0,0,,0,1,1,0,0,1,0,1,5\
71,Jimmy Butler\\butleji01,SG,29,MIN,10,10,361,74,157,.471,17,45,.378,57,112,.509,.525,48,61,.787,16,36,52,43,24,10,14,18,213\
72,Jose Calderon\\caldejo01,PG,37,DET,9,0,108,7,24,.292,3,15,.200,4,9,.444,.354,3,3,1.000,3,5,8,10,5,1,3,13,20\
73,Kentavious Caldwell-Pope\\caldwke01,SG,25,LAL,13,3,242,29,73,.397,11,39,.282,18,34,.529,.473,14,16,.875,2,21,23,6,7,1,8,10,83\
74,Isaiah Canaan\\canaais01,PG,27,PHO,11,11,320,37,90,.411,15,46,.326,22,44,.500,.494,13,16,.813,4,31,35,39,8,0,21,31,102\
75,Clint Capela\\capelca01,C,24,HOU,12,12,399,81,131,.618,0,0,,81,131,.618,.618,25,47,.532,52,81,133,22,5,20,24,33,187\
76,DeMarre Carroll\\carrode01,F,32,BRK,2,0,30,4,10,.400,1,5,.200,3,5,.600,.450,6,6,1.000,1,5,6,1,0,1,2,4,15\
77,Vince Carter\\cartevi01,SF,42,ATL,13,8,245,31,73,.425,17,46,.370,14,27,.519,.541,9,11,.818,3,23,26,12,9,6,9,19,88\
78,Wendell Carter\\cartewe01,C,19,CHI,13,13,341,58,121,.479,5,13,.385,53,108,.491,.500,33,43,.767,32,68,100,31,9,27,21,40,154\
79,Michael Carter-Williams\\cartemi01,PG,27,HOU,7,1,97,13,36,.361,2,10,.200,11,26,.423,.389,7,16,.438,2,8,10,14,7,4,8,17,35\
80,Omri Casspi\\casspom01,SF,30,MEM,7,0,84,14,25,.560,3,8,.375,11,17,.647,.620,8,15,.533,3,14,17,10,4,0,2,5,39\
81,Willie Cauley-Stein\\caulewi01,C,25,SAC,13,13,373,95,164,.579,1,1,1.000,94,163,.577,.582,27,51,.529,32,75,107,27,14,7,19,41,218\
82,Tyson Chandler\\chandty01,C,36,TOT,10,0,157,12,22,.545,0,0,,12,22,.545,.545,11,22,.500,21,43,64,7,5,5,14,31,35\
82,Tyson Chandler\\chandty01,C,36,PHO,7,0,89,8,12,.667,0,0,,8,12,.667,.667,10,18,.556,7,32,39,6,2,1,7,21,26\
82,Tyson Chandler\\chandty01,C,36,LAL,3,0,68,4,10,.400,0,0,,4,10,.400,.400,1,4,.250,14,11,25,1,3,4,7,10,9\
83,Wilson Chandler\\chandwi01,SF,31,PHI,3,0,41,4,7,.571,2,5,.400,2,2,1.000,.714,0,2,.000,3,11,14,2,1,1,2,6,10\
84,Marquese Chriss\\chrisma01,PF,21,HOU,3,0,17,3,10,.300,0,4,.000,3,6,.500,.300,0,0,,1,3,4,1,0,1,1,1,6\
85,Gary Clark\\clarkga01,PF,24,HOU,11,0,175,15,44,.341,12,40,.300,3,4,.750,.477,4,4,1.000,7,28,35,3,6,8,1,16,46\
86,Ian Clark\\clarkia01,SG,27,NOP,11,0,179,23,53,.434,10,24,.417,13,29,.448,.528,5,6,.833,1,15,16,13,3,1,10,22,61\
87,Jordan Clarkson\\clarkjo01,SG,26,CLE,12,0,285,75,162,.463,16,52,.308,59,110,.536,.512,16,19,.842,13,24,37,21,9,3,15,23,182\
88,Zach Collins\\colliza01,C,21,POR,13,0,278,47,83,.566,10,26,.385,37,57,.649,.627,29,34,.853,19,40,59,13,4,16,19,39,133\
89,Darren Collison\\collida01,PG,31,IND,14,14,385,53,112,.473,9,29,.310,44,83,.530,.513,19,28,.679,5,25,30,56,18,3,20,24,134\
90,Mike Conley\\conlemi01,PG,31,MEM,11,11,357,65,172,.378,20,67,.299,45,105,.429,.436,49,60,.817,7,29,36,66,14,3,18,25,199\
91,Pat Connaughton\\connapa01,SG,26,MIL,10,0,155,26,57,.456,11,30,.367,15,27,.556,.553,6,9,.667,12,31,43,14,1,7,5,11,69\
92,Quinn Cook\\cookqu01,PG,25,GSW,10,1,139,33,61,.541,14,27,.519,19,34,.559,.656,9,10,.900,2,16,18,16,3,0,10,8,89\
93,Robert Covington\\covinro01,SF,28,PHI,13,13,440,50,117,.427,30,77,.390,20,40,.500,.556,17,23,.739,7,60,67,14,24,23,22,45,147\
94,Allen Crabbe\\crabbal01,SG,26,BRK,12,0,279,25,97,.258,17,62,.274,8,35,.229,.345,12,16,.750,6,37,43,15,3,5,15,29,79\
95,Torrey Craig\\craigto01,SF,28,DEN,11,10,194,18,47,.383,4,25,.160,14,22,.636,.426,4,6,.667,15,20,35,6,6,4,7,23,44\
96,Jamal Crawford\\crawfja01,SG,38,PHO,10,0,93,9,29,.310,5,17,.294,4,12,.333,.397,9,10,.900,0,5,5,10,2,0,5,7,32\
97,Jae Crowder\\crowdja01,SF,28,UTA,12,1,362,59,129,.457,27,77,.351,32,52,.615,.562,31,44,.705,11,55,66,21,9,5,8,34,176\
98,Dante Cunningham\\cunnida01,PF,31,SAS,11,8,228,14,36,.389,5,14,.357,9,22,.409,.458,6,6,1.000,11,33,44,13,7,6,5,23,39\
99,Seth Curry\\curryse01,SG,28,POR,13,0,231,24,61,.393,16,32,.500,8,29,.276,.525,3,3,1.000,2,16,18,12,2,1,8,20,67\
100,Stephen Curry\\curryst01,PG,30,GSW,12,12,399,122,237,.515,62,126,.492,60,111,.541,.646,48,52,.923,6,54,60,73,12,4,36,28,354\
101,Troy Daniels\\danietr01,SG,27,PHO,4,0,37,5,15,.333,3,11,.273,2,4,.500,.433,1,1,1.000,1,3,4,4,4,0,3,6,14\
102,Anthony Davis\\davisan02,C,25,NOP,9,9,336,76,164,.463,7,20,.350,69,144,.479,.485,62,82,.756,28,81,109,43,14,28,21,25,221\
103,Ed Davis\\davised01,C,29,BRK,13,0,225,31,51,.608,0,0,,31,51,.608,.608,11,21,.524,36,66,102,9,6,4,9,38,73\
104,Dewayne Dedmon\\dedmode01,C,29,ATL,9,0,177,30,60,.500,5,15,.333,25,45,.556,.542,10,12,.833,8,48,56,4,2,14,6,30,75\
105,Sam Dekker\\dekkesa01,PF,24,CLE,9,5,169,22,48,.458,5,13,.385,17,35,.486,.510,8,10,.800,9,24,33,9,11,0,5,13,57\
106,Matthew Dellavedova\\dellama01,PG,28,MIL,6,0,39,3,10,.300,3,7,.429,0,3,.000,.450,2,2,1.000,0,6,6,12,1,0,5,3,11\
107,Luol Deng\\denglu01,SF,33,MIN,2,0,19,2,9,.222,0,4,.000,2,5,.400,.222,1,2,.500,5,5,10,0,0,1,1,0,5\
108,DeMar DeRozan\\derozde01,SG,29,SAS,11,11,408,107,213,.502,5,23,.217,102,190,.537,.514,58,65,.892,9,66,75,71,13,3,28,31,277\
109,Marcus Derrickson\\derrima01,F,22,GSW,1,0,6,1,2,.500,0,0,,1,2,.500,.500,0,0,,0,1,1,0,0,0,0,2,2\
110,Cheick Diallo\\diallch01,PF,22,NOP,9,0,86,14,25,.560,0,0,,14,25,.560,.560,14,18,.778,9,29,38,5,3,5,5,9,42\
111,Hamidou Diallo\\diallha01,SG,20,OKC,11,0,141,23,51,.451,1,9,.111,22,42,.524,.461,11,16,.688,13,15,28,4,9,3,5,21,58\
112,Gorgui Dieng\\dienggo01,C,29,MIN,13,0,177,29,61,.475,2,12,.167,27,49,.551,.492,22,26,.846,16,46,62,10,6,5,12,25,82\
113,Spencer Dinwiddie\\dinwisp01,PG,25,BRK,13,0,351,65,138,.471,26,64,.406,39,74,.527,.565,25,31,.806,7,27,34,55,6,6,24,39,181\
114,Donte DiVincenzo\\divindo01,SG,22,MIL,13,0,247,33,78,.423,12,49,.245,21,29,.724,.500,9,11,.818,7,36,43,21,4,2,11,19,87\
115,Luka Doncic\\doncilu01,PF,19,DAL,12,12,413,88,180,.489,30,76,.395,58,104,.558,.572,38,50,.760,12,66,78,54,10,3,50,27,244\
116,Tyler Dorsey\\dorsety01,SG,22,ATL,7,0,69,10,27,.370,2,9,.222,8,18,.444,.407,4,10,.400,0,7,7,5,1,0,0,6,26\
117,Damyean Dotson\\dotsoda01,SG,24,NYK,12,9,348,56,126,.444,20,59,.339,36,67,.537,.524,6,9,.667,10,52,62,13,9,1,9,22,138\
118,Goran Dragic\\dragigo01,PG,32,MIA,9,9,277,50,128,.391,18,51,.353,32,77,.416,.461,27,33,.818,8,25,33,44,4,3,22,23,145\
119,Andre Drummond\\drumman01,C,25,DET,12,12,396,99,188,.527,2,11,.182,97,177,.548,.532,35,62,.565,74,125,199,18,14,19,34,47,235\
120,Jared Dudley\\dudleja01,PF,33,BRK,13,13,314,22,61,.361,13,44,.295,9,17,.529,.467,8,10,.800,10,30,40,27,9,3,12,36,65\
121,Kris Dunn\\dunnkr01,PG,24,CHI,1,1,30,4,13,.308,1,4,.250,3,9,.333,.346,0,0,,0,4,4,7,0,0,4,6,9\
122,Kevin Durant\\duranke01,PF,30,GSW,13,13,447,128,230,.557,19,47,.404,109,183,.596,.598,75,81,.926,3,90,93,85,12,9,35,17,350\
123,Henry Ellenson\\ellenhe01,PF,22,DET,1,0,8,2,5,.400,1,2,.500,1,3,.333,.500,2,2,1.000,0,3,3,0,0,0,0,1,7\
124,Wayne Ellington\\ellinwa01,SG,31,MIA,5,2,103,14,35,.400,12,28,.429,2,7,.286,.571,4,4,1.000,1,11,12,6,4,0,8,11,44\
125,Joel Embiid\\embiijo01,C,24,PHI,14,14,491,127,264,.481,16,59,.271,111,205,.541,.511,118,147,.803,30,153,183,50,4,32,44,52,388\
126,James Ennis\\ennisja01,SF,28,HOU,9,9,199,20,51,.392,13,33,.394,7,18,.389,.520,4,9,.444,10,7,17,7,8,2,5,30,57\
127,Drew Eubanks\\eubandr01,PF,21,SAS,2,0,6,1,2,.500,0,0,,1,2,.500,.500,2,2,1.000,0,0,0,0,0,0,0,0,4\
128,Jacob Evans\\evansja02,SG,21,GSW,8,0,48,2,11,.182,0,1,.000,2,10,.200,.182,0,0,,1,3,4,8,1,0,2,5,4\
129,Tyreke Evans\\evansty01,SG,29,IND,13,0,255,50,125,.400,15,41,.366,35,84,.417,.460,19,28,.679,4,25,29,31,13,7,21,25,134\
130,Dante Exum\\exumda01,PG,23,UTA,12,0,199,30,73,.411,7,24,.292,23,49,.469,.459,28,36,.778,5,16,21,26,2,3,11,23,95\
131,Kenneth Faried\\farieke01,PF,29,BRK,5,0,26,7,8,.875,0,0,,7,8,.875,.875,2,5,.400,5,8,13,0,1,0,3,0,16\
132,Derrick Favors\\favorde01,C,27,UTA,11,11,246,49,89,.551,4,14,.286,45,75,.600,.573,23,36,.639,39,39,78,6,8,15,13,31,125\
133,Cristiano Felicio\\feliccr01,C,26,CHI,9,0,168,18,30,.600,0,0,,18,30,.600,.600,9,13,.692,12,38,50,8,2,2,8,15,45\
134,Raymond Felton\\feltora01,PG,34,OKC,6,0,78,17,47,.362,1,18,.056,16,29,.552,.372,6,7,.857,2,8,10,10,4,2,4,6,41\
135,Terrance Ferguson\\fergute01,SG,20,OKC,12,12,255,19,52,.365,9,36,.250,10,16,.625,.452,3,4,.750,9,12,21,7,8,2,12,33,50\
136,Yogi Ferrell\\ferreyo01,SG,25,SAC,10,2,152,21,50,.420,6,20,.300,15,30,.500,.480,11,11,1.000,2,14,16,8,6,1,4,10,59\
137,Dorian Finney-Smith\\finnedo01,SF,25,DAL,12,4,301,38,74,.514,18,40,.450,20,34,.588,.635,9,12,.750,22,27,49,9,10,7,12,37,103\
138,Bryn Forbes\\forbebr01,PG,25,SAS,11,11,319,52,119,.437,22,53,.415,30,66,.455,.529,13,16,.813,3,17,20,25,12,0,13,30,139\
139,Evan Fournier\\fournev01,SG,26,ORL,13,13,381,82,198,.414,26,88,.295,56,110,.509,.480,20,26,.769,3,32,35,57,18,3,23,30,210\
140,De'Aaron Fox\\foxde01,PG,21,SAC,13,13,427,85,172,.494,16,39,.410,69,133,.519,.541,57,83,.687,9,50,59,92,16,7,41,33,243\
141,Melvin Frazier\\frazime01,SG,22,ORL,2,0,11,0,1,.000,0,1,.000,0,0,,.000,0,0,,0,0,0,0,0,0,1,1,0\
142,Tim Frazier\\fraziti01,PG,28,NOP,9,2,123,9,28,.321,4,13,.308,5,15,.333,.393,1,3,.333,4,9,13,22,2,1,8,18,23\
143,Channing Frye\\fryech01,C,35,CLE,1,1,21,2,4,.500,1,2,.500,1,2,.500,.625,0,0,,0,4,4,1,0,0,0,4,5\
144,Markelle Fultz\\fultzma01,SG,20,PHI,14,14,340,54,128,.422,4,13,.308,50,115,.435,.438,18,30,.600,20,35,55,48,16,4,19,40,130\
145,Danilo Gallinari\\gallida01,SF,30,LAC,12,12,363,72,166,.434,28,63,.444,44,103,.427,.518,61,63,.968,14,56,70,20,6,4,14,27,233\
146,Langston Galloway\\gallola01,SG,27,DET,11,0,264,35,80,.438,19,56,.339,16,24,.667,.556,13,16,.813,8,24,32,13,4,2,5,20,102\
147,Marc Gasol\\gasolma01,C,34,MEM,11,11,369,54,133,.406,18,39,.462,36,94,.383,.474,36,46,.783,15,86,101,48,22,8,17,29,162\
148,Pau Gasol\\gasolpa01,C,38,SAS,9,0,157,22,43,.512,4,7,.571,18,36,.500,.558,13,18,.722,11,44,55,30,1,9,7,16,61\
149,Rudy Gay\\gayru01,SF,32,SAS,8,7,224,45,92,.489,9,16,.563,36,76,.474,.538,7,11,.636,10,53,63,16,9,4,17,20,106\
150,Paul George\\georgpa01,SF,28,OKC,12,12,427,89,230,.387,34,104,.327,55,126,.437,.461,50,64,.781,14,77,91,53,33,7,36,34,262\
151,Taj Gibson\\gibsota01,PF,33,MIN,13,13,357,60,114,.526,7,17,.412,53,97,.546,.557,16,24,.667,40,53,93,19,15,11,13,38,143\
152,Harry Giles\\gilesha01,PF,20,SAC,9,0,87,15,41,.366,0,1,.000,15,40,.375,.366,2,7,.286,7,17,24,5,4,2,11,20,32\
153,Shai Gilgeous-Alexander\\gilgesh01,PG,20,LAC,12,3,323,40,88,.455,7,14,.500,33,74,.446,.494,28,33,.848,9,29,38,39,10,9,22,25,115\
154,Rudy Gobert\\goberru01,C,26,UTA,12,12,407,75,104,.721,0,0,,75,104,.721,.721,47,77,.610,42,117,159,16,12,28,21,39,197\
155,Aaron Gordon\\gordoaa01,PF,23,ORL,12,12,396,74,160,.463,21,55,.382,53,105,.505,.528,27,40,.675,25,72,97,30,10,9,22,34,196\
156,Eric Gordon\\gordoer01,SG,30,HOU,9,5,294,49,152,.322,18,78,.231,31,74,.419,.382,21,24,.875,6,26,32,14,4,6,11,19,137\
157,Marcin Gortat\\gortama01,C,34,LAC,9,9,152,13,30,.433,0,0,,13,30,.433,.433,9,11,.818,13,35,48,14,0,6,11,22,35\
158,Devonte' Graham\\grahade01,PG,23,CHO,3,0,19,3,6,.500,1,3,.333,2,3,.667,.583,0,0,,0,2,2,3,0,0,1,2,7\
159,Treveon Graham\\grahatr01,SG,25,BRK,2,0,27,0,3,.000,0,2,.000,0,1,.000,.000,0,0,,1,3,4,1,1,0,2,5,0\
160,Jerami Grant\\grantje01,PF,24,OKC,12,9,359,47,99,.475,11,36,.306,36,63,.571,.530,30,44,.682,12,48,60,18,13,13,12,35,135\
161,Jerian Grant\\grantje02,PG,26,ORL,13,0,271,29,68,.426,11,28,.393,18,40,.450,.507,5,11,.455,7,23,30,47,18,2,19,23,74\
162,Danny Green\\greenda02,SG,31,TOR,13,13,375,45,103,.437,35,78,.449,10,25,.400,.607,5,5,1.000,10,43,53,18,17,12,18,27,130\
163,Draymond Green\\greendr01,PF,28,GSW,11,11,329,33,69,.478,6,23,.261,27,46,.587,.522,12,18,.667,10,69,79,87,20,10,34,34,84\
164,Gerald Green\\greenge01,SG,33,HOU,11,0,202,28,77,.364,15,58,.259,13,19,.684,.461,6,7,.857,8,23,31,6,3,1,7,18,77\
165,JaMychal Green\\greenja01,PF,28,MEM,2,2,39,6,15,.400,1,2,.500,5,13,.385,.433,2,2,1.000,4,8,12,4,4,0,4,4,15\
166,Jeff Green\\greenje02,PF,32,WAS,12,1,299,45,93,.484,8,31,.258,37,62,.597,.527,29,30,.967,19,42,61,11,5,8,17,26,127\
167,Blake Griffin\\griffbl01,PF,29,DET,12,12,424,100,221,.452,25,69,.362,75,152,.493,.509,64,88,.727,22,100,122,60,9,6,40,38,289\
168,Tim Hardaway\\hardati02,SG,26,NYK,13,13,419,99,238,.416,39,110,.355,60,128,.469,.498,64,77,.831,4,41,45,39,13,1,26,39,301\
169,James Harden\\hardeja01,SG,29,HOU,9,9,326,74,177,.418,38,101,.376,36,76,.474,.525,65,82,.793,5,46,51,66,20,7,49,28,251\
170,Maurice Harkless\\harklma01,SF,25,POR,5,0,88,7,18,.389,3,8,.375,4,10,.400,.472,2,2,1.000,3,21,24,5,2,6,2,10,19\
171,Montrezl Harrell\\harremo01,C,25,LAC,12,0,271,62,91,.681,0,0,,62,91,.681,.681,42,61,.689,19,56,75,16,11,21,20,34,166\
172,Devin Harris\\harride01,PG,35,DAL,2,0,18,3,6,.500,0,2,.000,3,4,.750,.500,0,0,,0,3,3,4,1,0,0,1,6\
173,Gary Harris\\harriga01,SG,24,DEN,13,13,434,81,189,.429,17,62,.274,64,127,.504,.474,43,54,.796,13,35,48,38,15,6,16,30,222\
174,Joe Harris\\harrijo01,SG,27,BRK,13,13,379,68,119,.571,37,64,.578,31,55,.564,.727,9,11,.818,10,31,41,29,7,2,22,39,182\
175,Tobias Harris\\harrito02,PF,26,LAC,12,12,407,94,183,.514,22,53,.415,72,130,.554,.574,38,46,.826,12,95,107,22,5,8,20,21,248\
176,Andrew Harrison\\harrian01,PG,24,TOT,2,0,19,1,6,.167,0,2,.000,1,4,.250,.167,0,0,,0,3,3,0,0,0,3,1,2\
176,Andrew Harrison\\harrian01,PG,24,MEM,1,0,5,1,2,.500,0,1,.000,1,1,1.000,.500,0,0,,0,0,0,0,0,0,0,1,2\
176,Andrew Harrison\\harrian01,G,24,CLE,1,0,14,0,4,.000,0,1,.000,0,3,.000,.000,0,0,,0,3,3,0,0,0,3,0,0\
177,Shaquille Harrison\\harrish01,PG,25,CHI,4,0,54,11,21,.524,2,6,.333,9,15,.600,.571,5,11,.455,3,8,11,11,5,0,5,7,29\
178,Josh Hart\\hartjo01,SG,23,LAL,13,3,349,51,111,.459,30,69,.435,21,42,.500,.595,21,30,.700,5,44,49,17,22,5,14,32,153\
179,Isaiah Hartenstein\\harteis01,PF,20,HOU,11,0,91,10,22,.455,0,2,.000,10,20,.500,.455,5,6,.833,10,8,18,6,2,7,7,21,25\
180,Udonis Haslem\\hasleud01,C,38,MIA,1,0,4,0,2,.000,0,2,.000,0,0,,.000,0,0,,0,1,1,0,0,0,2,1,0\
181,Gordon Hayward\\haywago01,SF,28,BOS,12,12,307,44,111,.396,15,47,.319,29,64,.453,.464,16,21,.762,11,55,66,34,10,3,14,21,119\
182,John Henson\\hensojo01,C,28,MIL,13,0,183,31,65,.477,11,29,.379,20,36,.556,.562,6,10,.600,16,52,68,13,7,11,12,16,79\
183,Juan Hernangomez\\hernaju01,PF,23,DEN,12,1,242,28,56,.500,15,34,.441,13,22,.591,.634,7,9,.778,17,29,46,6,6,6,6,17,78\
184,Willy Hernangomez\\hernawi01,C,24,CHO,12,0,178,31,55,.564,8,12,.667,23,43,.535,.636,25,32,.781,26,39,65,11,6,8,13,29,95\
185,Mario Hezonja\\hezonma01,SF,23,NYK,14,0,275,53,132,.402,14,48,.292,39,84,.464,.455,12,22,.545,3,49,52,16,9,2,18,26,132\
186,Buddy Hield\\hieldbu01,SG,25,SAC,13,13,409,95,198,.480,31,72,.431,64,126,.508,.558,27,31,.871,13,63,76,34,6,7,32,33,248\
187,George Hill\\hillge01,PG,32,CLE,10,10,265,50,90,.556,12,25,.480,38,65,.585,.622,14,16,.875,8,11,19,30,10,1,16,27,126\
188,Solomon Hill\\hillso01,SF,27,NOP,8,1,142,8,29,.276,3,14,.214,5,15,.333,.328,3,4,.750,2,15,17,14,6,3,5,11,22\
189,Aaron Holiday\\holidaa01,PG,22,IND,5,0,16,2,6,.333,1,4,.250,1,2,.500,.417,0,0,,0,1,1,2,0,0,3,2,5\
190,Jrue Holiday\\holidjr01,SG,28,NOP,12,12,434,83,182,.456,13,57,.228,70,125,.560,.492,46,60,.767,13,43,56,106,20,8,44,29,225\
191,Justin Holiday\\holidju01,SG,29,CHI,13,13,465,53,130,.408,36,94,.383,17,36,.472,.546,9,10,.900,3,47,50,30,21,7,8,32,151\
192,John Holland\\hollajo02,SF,30,CLE,1,0,1,0,0,,0,0,,0,0,,,0,0,,0,0,0,0,0,0,0,0,0\
193,Rondae Hollis-Jefferson\\holliro01,SF,24,BRK,10,0,203,35,89,.393,1,11,.091,34,78,.436,.399,13,22,.591,8,41,49,15,6,6,7,14,84\
194,Richaun Holmes\\holmeri01,C,25,PHO,11,0,100,12,22,.545,0,0,,12,22,.545,.545,4,7,.571,14,23,37,4,3,6,9,18,28\
195,Rodney Hood\\hoodro01,SG,26,CLE,12,12,327,57,131,.435,12,31,.387,45,100,.450,.481,29,31,.935,4,29,33,27,10,1,8,30,155\
196,Al Horford\\horfoal01,C,32,BOS,13,13,393,62,140,.443,16,58,.276,46,82,.561,.500,14,22,.636,24,56,80,49,10,20,21,23,154\
197,Dwight Howard\\howardw01,C,33,WAS,5,5,146,22,37,.595,0,0,,22,37,.595,.595,17,28,.607,16,32,48,3,4,2,8,18,61\
198,Kevin Huerter\\huertke01,SG,20,ATL,12,1,214,21,55,.382,11,31,.355,10,24,.417,.482,7,8,.875,7,34,41,20,7,3,7,15,60\
199,Chandler Hutchison\\hutchch01,SF,22,CHI,12,3,226,24,51,.471,3,13,.231,21,38,.553,.500,9,16,.563,8,35,43,9,5,3,7,21,60\
200,Serge Ibaka\\ibakase01,C,29,TOR,13,8,345,94,161,.584,9,30,.300,85,131,.649,.612,27,37,.730,29,74,103,13,9,17,25,43,224\
201,Andre Iguodala\\iguodan01,SF,35,GSW,11,0,209,13,36,.361,4,15,.267,9,21,.429,.417,6,9,.667,5,22,27,31,9,7,11,15,36\
202,Ersan Ilyasova\\ilyaser01,PF,31,MIL,13,1,296,40,80,.500,14,36,.389,26,44,.591,.588,16,19,.842,21,64,85,19,9,3,9,41,110\
203,Joe Ingles\\inglejo01,SF,31,UTA,12,12,406,60,135,.444,32,82,.390,28,53,.528,.563,14,22,.636,3,49,52,53,20,3,32,29,166\
204,Brandon Ingram\\ingrabr01,SG,21,LAL,9,9,274,53,117,.453,6,17,.353,47,100,.470,.479,23,33,.697,9,30,39,16,6,9,24,27,135\
205,Kyrie Irving\\irvinky01,PG,26,BOS,12,12,392,95,204,.466,34,84,.405,61,120,.508,.549,28,33,.848,11,46,57,65,18,8,30,28,252\
206,Jonathan Isaac\\isaacjo01,SF,21,ORL,8,8,176,22,53,.415,5,19,.263,17,34,.500,.462,8,11,.727,11,32,43,4,6,8,6,17,57\
207,Wesley Iwundu\\iwundwe01,SF,24,ORL,9,5,167,15,47,.319,1,8,.125,14,39,.359,.330,14,18,.778,7,19,26,4,2,2,7,18,45\
208,Frank Jackson\\jacksfr01,PG,20,NOP,8,0,89,12,34,.353,6,16,.375,6,18,.333,.441,7,9,.778,0,4,4,5,2,0,2,11,37\
209,Jaren Jackson\\jacksja02,C,19,MEM,11,9,274,47,104,.452,5,26,.192,42,78,.538,.476,29,39,.744,16,33,49,14,11,17,15,41,128\
210,Josh Jackson\\jacksjo02,SG,21,PHO,12,3,217,35,85,.412,7,26,.269,28,59,.475,.453,8,15,.533,1,24,25,20,6,8,35,31,85\
211,Justin Jackson\\jacksju01,SF,23,SAC,13,2,292,34,83,.410,11,42,.262,23,41,.561,.476,8,11,.727,5,30,35,22,7,2,5,15,87\
212,Reggie Jackson\\jacksre01,PG,28,DET,12,12,358,61,166,.367,25,81,.309,36,85,.424,.443,44,53,.830,11,21,32,47,4,1,23,40,191\
213,LeBron James\\jamesle01,PF,34,LAL,13,13,455,126,250,.504,24,76,.316,102,174,.586,.552,67,91,.736,13,88,101,92,20,9,42,25,343\
214,Jonas Jerebko\\jerebjo01,PF,31,GSW,13,1,224,29,65,.446,12,33,.364,17,32,.531,.538,17,20,.850,14,42,56,20,6,2,11,33,87\
215,Alize Johnson\\johnsal02,PF,22,IND,3,0,9,1,2,.500,0,0,,1,2,.500,.500,0,2,.000,0,4,4,0,0,0,0,3,2\
216,Amir Johnson\\johnsam01,C,31,PHI,14,0,151,27,42,.643,2,4,.500,25,38,.658,.667,14,18,.778,11,36,47,18,3,5,17,33,70\
217,Stanley Johnson\\johnsst04,SF,22,DET,11,7,277,34,91,.374,15,51,.294,19,40,.475,.456,6,8,.750,8,42,50,17,10,2,18,23,89\
218,Tyler Johnson\\johnsty01,PG,26,MIA,12,0,312,45,104,.433,15,51,.294,30,53,.566,.505,15,25,.600,4,28,32,28,14,6,20,22,120\
219,Wesley Johnson\\johnswe01,SF,31,NOP,6,4,117,13,25,.520,7,14,.500,6,11,.545,.660,5,6,.833,2,11,13,4,5,3,6,13,38\
220,Nikola Jokic\\jokicni01,C,23,DEN,13,13,381,79,148,.534,16,39,.410,63,109,.578,.588,57,68,.838,31,103,134,90,16,13,43,43,231\
221,Damian Jones\\jonesda03,C,23,GSW,13,13,216,35,45,.778,0,0,,35,45,.778,.778,14,23,.609,17,21,38,14,8,12,7,36,84\
222,Derrick Jones\\jonesde02,SF,21,MIA,9,3,141,19,47,.404,4,10,.400,15,37,.405,.447,10,15,.667,11,15,26,5,3,4,8,16,52\
223,Tyus Jones\\jonesty01,PG,22,MIN,12,2,247,25,82,.305,10,33,.303,15,49,.306,.366,5,6,.833,3,16,19,39,13,1,7,12,65\
224,DeAndre Jordan\\jordade01,C,30,DAL,12,12,395,50,80,.625,0,0,,50,80,.625,.625,39,46,.848,34,128,162,29,7,17,29,35,139\
225,Cory Joseph\\josepco01,PG,27,IND,14,0,356,39,77,.506,12,27,.444,27,50,.540,.584,3,7,.429,3,41,44,44,15,3,12,24,93\
226,Frank Kaminsky\\kaminfr01,PF,25,CHO,4,0,22,2,7,.286,0,3,.000,2,4,.500,.286,0,0,,0,4,4,2,0,0,3,2,4\
227,Enes Kanter\\kanteen01,C,26,NYK,14,5,373,87,165,.527,1,6,.167,86,159,.541,.530,41,48,.854,64,106,170,30,6,6,33,39,216\
228,Luke Kennard\\kennalu01,SG,22,DET,3,1,43,8,12,.667,1,2,.500,7,10,.700,.708,0,0,,0,5,5,3,1,1,1,2,17\
229,Michael Kidd-Gilchrist\\kiddgmi01,PF,25,CHO,13,0,265,43,89,.483,2,8,.250,41,81,.506,.494,24,33,.727,29,48,77,18,3,17,8,38,112\
230,Maxi Kleber\\klebima01,PF,27,DAL,12,0,225,29,64,.453,13,40,.325,16,24,.667,.555,9,13,.692,15,32,47,7,3,17,7,18,80\
231,Kevin Knox\\knoxke01,PF,19,NYK,7,0,120,20,61,.328,8,22,.364,12,39,.308,.393,11,17,.647,7,4,11,2,3,2,6,10,59\
232,Furkan Korkmaz\\korkmfu01,SG,21,PHI,7,0,53,7,15,.467,3,11,.273,4,4,1.000,.567,1,2,.500,1,8,9,2,3,0,2,4,18\
233,Luke Kornet\\kornelu01,PF,23,NYK,4,0,13,0,2,.000,0,2,.000,0,0,,.000,0,0,,0,0,0,2,0,0,1,0,0\
234,Kyle Korver\\korveky01,PF,37,CLE,11,0,168,21,46,.457,12,31,.387,9,15,.600,.587,7,8,.875,0,17,17,15,2,0,13,18,61\
235,Kosta Koufos\\koufoko01,C,29,SAC,7,0,98,14,27,.519,0,0,,14,27,.519,.519,0,0,,8,30,38,7,7,3,3,15,28\
236,Rodions Kurucs\\kurucro01,SF,20,BRK,5,0,54,13,25,.520,5,12,.417,8,13,.615,.620,4,4,1.000,6,10,16,1,0,0,5,3,35\
237,Kyle Kuzma\\kuzmaky01,SF,23,LAL,13,11,413,97,201,.483,21,72,.292,76,129,.589,.535,25,33,.758,11,53,64,21,7,7,15,33,240\
238,Skal Labissiere\\labissk01,PF,22,SAC,5,0,28,4,9,.444,1,5,.200,3,4,.750,.500,4,4,1.000,1,6,7,2,1,0,3,6,13\
239,Jeremy Lamb\\lambje01,SG,26,CHO,13,13,316,59,134,.440,19,47,.404,40,87,.460,.511,22,24,.917,9,49,58,21,16,6,10,27,159\
240,Zach LaVine\\lavinza01,SG,23,CHI,13,13,469,120,263,.456,29,83,.349,91,180,.506,.511,84,98,.857,4,64,68,51,13,9,49,35,353\
241,Jake Layman\\laymaja01,SF,24,POR,13,13,189,30,53,.566,11,24,.458,19,29,.655,.670,1,2,.500,9,24,33,4,7,5,8,12,72\
242,T.J. Leaf\\leaftj01,PF,21,IND,8,0,60,5,19,.263,1,4,.250,4,15,.267,.289,0,0,,3,8,11,3,0,1,2,3,11\
243,Damion Lee\\leeda03,SG,26,GSW,4,0,24,3,8,.375,2,3,.667,1,5,.200,.500,3,4,.750,0,3,3,0,2,0,1,8,11\
244,Alex Len\\lenal01,C,25,ATL,13,13,282,54,106,.509,8,27,.296,46,79,.582,.547,19,30,.633,22,50,72,16,6,14,26,36,135\
245,Kawhi Leonard\\leonaka01,SF,27,TOR,9,9,292,76,157,.484,15,36,.417,61,121,.504,.532,53,60,.883,12,59,71,29,15,4,19,12,220\
246,Meyers Leonard\\leoname01,C,26,POR,10,0,113,14,32,.438,7,18,.389,7,14,.500,.547,13,13,1.000,11,29,40,9,3,1,10,17,48\
247,Jon Leuer\\leuerjo01,PF,29,DET,4,0,37,4,9,.444,0,2,.000,4,7,.571,.444,2,4,.500,3,7,10,0,1,0,0,3,10\
248,Caris LeVert\\leverca01,SF,24,BRK,13,13,400,92,193,.477,19,58,.328,73,135,.541,.526,44,61,.721,11,44,55,48,17,5,29,31,247\
249,Damian Lillard\\lillada01,PG,28,POR,13,13,441,112,241,.465,35,94,.372,77,147,.524,.537,79,84,.940,10,55,65,76,10,4,28,18,338\
250,Jeremy Lin\\linje01,PG,30,ATL,13,0,218,37,82,.451,9,27,.333,28,55,.509,.506,40,45,.889,1,21,22,34,10,1,24,20,123\
251,Shaun Livingston\\livinsh01,PG,33,GSW,4,0,57,9,16,.563,0,0,,9,16,.563,.563,4,4,1.000,7,7,14,4,3,0,3,6,22\
252,Zach Lofton\\loftoza01,SG,26,DET,1,0,4,0,1,.000,0,1,.000,0,0,,.000,0,0,,0,0,0,0,1,0,1,0,0\
253,Kevon Looney\\looneke01,C,22,GSW,13,0,221,30,46,.652,0,0,,30,46,.652,.652,15,20,.750,25,39,64,17,3,10,10,30,75\
254,Brook Lopez\\lopezbr01,C,30,MIL,13,13,348,58,125,.464,39,93,.419,19,32,.594,.620,14,14,1.000,5,37,42,15,6,23,10,28,169\
255,Robin Lopez\\lopezro01,C,30,CHI,7,0,107,8,19,.421,0,0,,8,19,.421,.421,1,1,1.000,9,5,14,10,1,8,9,14,17\
256,Kevin Love\\loveke01,PF,30,CLE,4,4,136,21,65,.323,7,24,.292,14,41,.341,.377,27,33,.818,10,44,54,14,1,1,10,14,76\
257,Kyle Lowry\\lowryky01,PG,32,TOR,13,13,435,78,157,.497,32,83,.386,46,74,.622,.599,35,43,.814,9,45,54,143,20,6,35,30,223\
258,Jordan Loyd\\loydjo01,PG,25,TOR,1,0,2,0,0,,0,0,,0,0,,,0,0,,1,0,1,0,0,0,0,0,0\
259,Timothe Luwawu-Cabarrot\\luwawti01,SF,23,OKC,5,0,7,0,4,.000,0,2,.000,0,2,.000,.000,0,0,,0,1,1,0,0,0,0,1,0\
260,Tyler Lydon\\lydonty01,PF,22,DEN,4,0,10,1,1,1.000,0,0,,1,1,1.000,1.000,1,2,.500,1,0,1,0,0,0,0,1,3\
261,Trey Lyles\\lylestr01,PF,23,DEN,13,0,280,53,123,.431,10,44,.227,43,79,.544,.472,26,37,.703,10,58,68,23,9,6,20,24,142\
262,Shelvin Mack\\macksh01,PG,28,MEM,11,0,284,47,87,.540,14,27,.519,33,60,.550,.621,18,26,.692,4,20,24,39,12,1,15,16,126\
263,Daryl Macon\\maconda01,SG,23,DAL,1,0,1,0,0,,0,0,,0,0,,,0,0,,0,0,0,0,0,0,0,0,0\
264,Ian Mahinmi\\mahinia01,C,32,WAS,8,6,120,9,19,.474,0,2,.000,9,17,.529,.474,17,26,.654,11,18,29,3,4,4,6,24,35\
265,Thon Maker\\makerth01,C,21,MIL,5,0,58,12,23,.522,4,12,.333,8,11,.727,.609,2,4,.500,2,15,17,2,1,3,2,6,30\
266,Boban Marjanovic\\marjabo01,C,30,LAC,12,3,142,34,54,.630,0,1,.000,34,53,.642,.630,27,38,.711,17,46,63,8,4,12,13,24,95\
267,Jarell Martin\\martija01,PF,24,ORL,8,1,102,10,34,.294,1,12,.083,9,22,.409,.309,5,5,1.000,3,18,21,8,2,3,4,11,26\
268,Frank Mason\\masonfr01,PG,24,SAC,12,0,186,28,69,.406,6,26,.231,22,43,.512,.449,18,25,.720,2,18,20,44,7,2,12,13,80\
269,Wesley Matthews\\matthwe02,SG,32,DAL,12,12,401,67,159,.421,33,87,.379,34,72,.472,.525,35,44,.795,7,25,32,31,9,1,15,30,202\
270,Luc Mbah a Moute\\mbahalu01,PF,32,LAC,4,0,61,8,18,.444,2,6,.333,6,12,.500,.500,2,5,.400,2,5,7,2,1,1,2,8,20\
271,CJ McCollum\\mccolcj01,SG,27,POR,13,13,424,101,224,.451,28,80,.350,73,144,.507,.513,36,43,.837,15,38,53,32,9,4,21,27,266\
272,T.J. McConnell\\mccontj01,PG,26,PHI,11,0,161,23,38,.605,0,2,.000,23,36,.639,.605,4,4,1.000,1,19,20,32,4,3,11,10,50\
273,Doug McDermott\\mcderdo01,SF,27,IND,14,0,213,25,52,.481,16,38,.421,9,14,.643,.635,8,10,.800,3,13,16,10,6,0,4,22,74\
274,JaVale McGee\\mcgeeja01,C,31,LAL,13,13,336,78,126,.619,1,3,.333,77,123,.626,.623,21,33,.636,38,58,96,14,11,39,21,36,178\
275,Rodney McGruder\\mcgruro01,SG,27,MIA,12,12,405,59,128,.461,27,58,.466,32,70,.457,.566,18,25,.720,13,54,67,44,10,3,17,37,163\
276,Alfonzo McKinnie\\mckinal01,SF,26,GSW,13,0,211,34,65,.523,13,27,.481,21,38,.553,.623,5,10,.500,18,34,52,7,3,3,4,28,86\
277,Ben McLemore\\mclembe01,SG,25,SAC,5,0,24,4,11,.364,4,9,.444,0,2,.000,.545,0,2,.000,0,0,0,1,0,0,1,3,12\
278,Jordan McRae\\mcraejo01,SG,27,WAS,4,0,22,1,7,.143,0,2,.000,1,5,.200,.143,0,0,,0,4,4,2,0,1,0,0,2\
279,Salah Mejri\\mejrisa01,C,32,DAL,2,0,6,0,1,.000,0,0,,0,1,.000,.000,0,0,,1,2,3,0,0,0,1,3,0\
280,De'Anthony Melton\\meltode01,PG,20,PHO,2,0,22,3,12,.250,1,6,.167,2,6,.333,.292,0,0,,0,2,2,1,3,1,2,5,7\
281,Chimezie Metu\\metuch01,PF,21,SAS,6,0,33,2,10,.200,0,1,.000,2,9,.222,.200,4,4,1.000,3,5,8,1,2,2,4,1,8\
282,Khris Middleton\\middlkh01,SF,27,MIL,13,13,398,82,181,.453,45,97,.464,37,84,.440,.577,38,43,.884,7,58,65,54,17,3,32,38,247\
283,C.J. Miles\\milescj01,SF,31,TOR,12,0,188,20,66,.303,11,43,.256,9,23,.391,.386,9,14,.643,5,19,24,11,5,6,7,24,60\
284,Darius Miller\\milleda01,SF,28,NOP,8,0,133,15,30,.500,13,25,.520,2,5,.400,.717,1,1,1.000,1,4,5,10,4,0,5,19,44\
285,Patty Mills\\millspa02,PG,30,SAS,11,0,305,39,93,.419,22,51,.431,17,42,.405,.538,12,16,.750,4,35,39,21,4,3,14,19,112\
286,Paul Millsap\\millspa01,PF,33,DEN,13,13,348,56,125,.448,12,30,.400,44,95,.463,.496,41,59,.695,31,66,97,21,12,15,21,29,165\
287,Nikola Mirotic\\mirotni01,PF,27,NOP,11,11,345,86,178,.483,25,76,.329,61,102,.598,.553,30,41,.732,28,101,129,14,9,6,14,24,227\
288,Donovan Mitchell\\mitchdo01,SG,22,UTA,10,10,345,83,192,.432,22,71,.310,61,121,.504,.490,35,44,.795,4,25,29,45,18,2,26,24,223\
289,Naz Mitrou-Long\\mitrona01,SG,25,UTA,1,0,4,0,1,.000,0,1,.000,0,0,,.000,0,0,,0,0,0,0,0,0,0,1,0\
290,Malik Monk\\monkma01,SG,20,CHO,13,0,301,57,151,.377,27,81,.333,30,70,.429,.467,22,25,.880,4,21,25,35,6,4,17,27,163\
291,Greg Monroe\\monrogr01,C,28,TOR,5,0,25,5,11,.455,0,1,.000,5,10,.500,.455,0,0,,4,5,9,1,0,0,2,3,10\
292,E'Twaun Moore\\mooreet01,SF,29,NOP,12,12,364,64,119,.538,18,38,.474,46,81,.568,.613,17,22,.773,12,12,24,25,7,6,13,33,163\
293,Marcus Morris\\morrima03,PF,29,BOS,13,0,335,69,137,.504,31,64,.484,38,73,.521,.617,24,28,.857,9,79,88,15,8,3,26,37,193\
294,Markieff Morris\\morrima02,PF,29,WAS,11,11,278,41,95,.432,13,41,.317,28,54,.519,.500,16,19,.842,8,41,49,24,5,9,17,35,111\
295,Monte Morris\\morrimo01,PG,23,DEN,13,0,286,41,100,.410,10,26,.385,31,74,.419,.460,12,15,.800,5,28,33,50,13,1,5,15,104\
296,Emmanuel Mudiay\\mudiaem01,PG,22,NYK,7,0,137,22,49,.449,4,13,.308,18,36,.500,.490,4,9,.444,8,13,21,14,7,3,10,13,52\
297,Jamal Murray\\murraja01,PG,21,DEN,13,13,438,89,203,.438,18,62,.290,71,141,.504,.483,38,42,.905,12,44,56,48,14,4,27,29,234\
298,Dzanan Musa\\musadz01,SG,19,BRK,4,0,18,5,10,.500,0,4,.000,5,6,.833,.500,0,2,.000,1,1,2,1,2,0,2,1,10\
299,Mike Muscala\\muscami01,PF,27,PHI,8,0,165,17,40,.425,10,29,.345,7,11,.636,.550,15,15,1.000,8,22,30,10,1,4,12,19,59\
300,Svi Mykhailiuk\\mykhasv01,SF,21,LAL,6,0,64,4,15,.267,1,7,.143,3,8,.375,.300,1,4,.250,2,2,4,9,2,0,3,4,10\
301,Abdel Nader\\naderab01,SF,25,OKC,5,0,9,1,3,.333,0,1,.000,1,2,.500,.333,0,0,,0,0,0,0,2,0,2,1,2\
302,Larry Nance\\nancela02,C,26,CLE,10,1,206,30,67,.448,0,3,.000,30,64,.469,.448,13,21,.619,18,43,61,25,11,6,12,29,73\
303,Shabazz Napier\\napiesh01,PG,27,BRK,9,0,137,21,56,.375,12,27,.444,9,29,.310,.482,20,26,.769,3,8,11,18,6,1,7,11,74\
304,Georges Niang\\niangge01,PF,25,UTA,12,0,98,15,30,.500,10,21,.476,5,9,.556,.667,5,5,1.000,3,16,19,5,3,1,4,12,45\
305,Nerlens Noel\\noelne01,C,24,OKC,12,1,167,26,41,.634,0,0,,26,41,.634,.634,13,19,.684,26,37,63,5,13,16,5,35,65\
306,Frank Ntilikina\\ntilila01,PG,20,NYK,14,14,364,38,110,.345,15,52,.288,23,58,.397,.414,11,12,.917,1,24,25,49,17,6,26,40,102\
307,James Nunnally\\nunnaja01,SF,28,MIN,5,0,39,5,12,.417,2,7,.286,3,5,.600,.500,4,4,1.000,0,3,3,3,1,0,1,3,16\
308,Jusuf Nurkic\\nurkiju01,C,24,POR,13,13,324,77,147,.524,2,15,.133,75,132,.568,.531,43,54,.796,51,85,136,25,8,13,30,40,199\
309,David Nwaba\\nwabada01,SG,26,CLE,8,0,74,5,16,.313,1,5,.200,4,11,.364,.344,13,16,.813,0,10,10,3,2,4,1,3,24\
310,Royce O'Neale\\onealro01,SF,25,UTA,12,1,185,23,48,.479,4,10,.400,19,38,.500,.521,7,9,.778,4,26,30,14,4,0,12,19,57\
311,Kyle O'Quinn\\oquinky01,C,28,IND,8,0,50,11,22,.500,0,2,.000,11,20,.550,.500,6,6,1.000,6,12,18,9,1,4,4,10,28\
312,Semi Ojeleye\\ojelese01,PF,24,BOS,9,1,66,7,16,.438,3,10,.300,4,6,.667,.531,2,5,.400,2,7,9,0,2,1,0,8,19\
313,Jahlil Okafor\\okafoja01,C,23,NOP,7,2,58,12,26,.462,0,0,,12,26,.462,.462,6,6,1.000,10,8,18,1,0,0,6,10,30\
314,Elie Okobo\\okoboel01,PG,21,PHO,10,1,153,22,59,.373,7,25,.280,15,34,.441,.432,13,14,.929,2,14,16,20,3,1,11,22,64\
315,Josh Okogie\\okogijo01,SG,20,MIN,11,7,290,34,94,.362,8,35,.229,26,59,.441,.404,17,21,.810,11,34,45,13,11,4,15,26,93\
316,Victor Oladipo\\oladivi01,SG,26,IND,14,14,483,126,280,.450,36,105,.343,90,175,.514,.514,45,64,.703,8,92,100,69,25,7,33,32,333\
317,Kelly Olynyk\\olynyke01,PF,27,MIA,12,5,226,33,69,.478,15,46,.326,18,23,.783,.587,26,33,.788,8,28,36,28,6,5,15,28,107\
318,Cedi Osman\\osmande01,SF,23,CLE,11,11,337,46,124,.371,17,51,.333,29,73,.397,.440,16,21,.762,11,44,55,28,8,3,31,22,125\
319,Kelly Oubre\\oubreke01,SF,23,WAS,12,1,314,53,125,.424,18,59,.305,35,66,.530,.496,32,38,.842,9,45,54,7,9,8,17,28,156\
320,Zaza Pachulia\\pachuza01,C,34,DET,12,0,166,13,37,.351,0,0,,13,37,.351,.351,22,28,.786,22,29,51,17,10,3,11,31,48\
321,Jabari Parker\\parkeja01,PF,23,CHI,13,6,404,77,171,.450,11,41,.268,66,130,.508,.482,26,37,.703,14,73,87,26,7,6,33,24,191\
322,Tony Parker\\parketo01,PG,36,CHO,12,0,226,52,108,.481,5,12,.417,47,96,.490,.505,20,28,.714,2,18,20,54,3,1,16,14,129\
323,Chandler Parsons\\parsoch01,SF,30,MEM,3,3,46,7,17,.412,3,10,.300,4,7,.571,.500,0,0,,1,3,4,2,1,1,2,7,17\
324,Patrick Patterson\\pattepa01,PF,29,OKC,12,3,205,26,66,.394,16,42,.381,10,24,.417,.515,9,14,.643,11,30,41,3,3,4,5,16,77\
325,Chris Paul\\paulch01,PG,33,HOU,10,10,355,60,148,.405,20,59,.339,40,89,.449,.473,33,43,.767,8,44,52,79,26,3,30,29,173\
326,Cameron Payne\\payneca01,PG,24,CHI,12,11,290,39,98,.398,12,38,.316,27,60,.450,.459,14,15,.933,8,17,25,41,11,3,19,24,104\
327,Elfrid Payton\\paytoel01,PG,24,NOP,5,5,144,24,48,.500,3,7,.429,21,41,.512,.531,7,11,.636,7,23,30,32,4,1,11,14,58\
328,Theo Pinson\\pinsoth01,SG,23,BRK,2,0,10,0,3,.000,0,2,.000,0,1,.000,.000,2,2,1.000,0,1,1,3,0,0,0,0,2\
329,Mason Plumlee\\plumlma01,C,28,DEN,13,0,226,38,61,.623,1,3,.333,37,58,.638,.631,11,31,.355,24,36,60,19,14,7,18,38,88\
330,Miles Plumlee\\plumlmi01,C,30,ATL,8,0,88,22,28,.786,0,0,,22,28,.786,.786,7,14,.500,13,14,27,9,4,1,5,9,51\
331,Jakob Poeltl\\poeltja01,C,23,SAS,7,3,70,5,12,.417,0,0,,5,12,.417,.417,3,4,.750,16,8,24,6,1,1,2,8,13\
332,Quincy Pondexter\\pondequ01,SF,30,SAS,8,0,65,6,12,.500,1,4,.250,5,8,.625,.542,10,13,.769,3,9,12,2,5,0,3,9,23\
333,Otto Porter\\porteot01,SF,25,WAS,11,11,315,46,103,.447,16,44,.364,30,59,.508,.524,9,11,.818,9,43,52,16,17,8,7,18,117\
334,Bobby Portis\\portibo01,PF,23,CHI,4,4,113,17,41,.415,3,11,.273,14,30,.467,.451,5,9,.556,6,34,40,8,2,4,5,14,42\
335,Dwight Powell\\poweldw01,C,27,DAL,12,0,179,36,54,.667,3,13,.231,33,41,.805,.694,28,36,.778,12,31,43,11,9,6,11,31,103\
336,Norman Powell\\powelno01,SG,25,TOR,11,2,164,20,42,.476,9,22,.409,11,20,.550,.583,6,8,.750,2,20,22,10,5,1,8,17,55\
337,Alex Poythress\\poythal01,PF,25,ATL,10,0,139,19,36,.528,5,10,.500,14,26,.538,.597,7,15,.467,14,20,34,7,2,3,7,26,50\
338,Zhou Qi\\qizh01,PF,23,HOU,1,0,1,1,1,1.000,0,0,,1,1,1.000,1.000,0,0,,0,0,0,0,0,0,0,0,2\
339,Ivan Rabb\\rabbiv01,PF,21,MEM,7,0,50,8,12,.667,0,1,.000,8,11,.727,.667,3,5,.600,3,14,17,5,1,1,8,8,19\
340,Julius Randle\\randlju01,C,24,NOP,12,2,303,79,142,.556,8,24,.333,71,118,.602,.585,50,71,.704,24,71,95,28,8,9,30,39,216\
341,J.J. Redick\\redicjj01,SG,34,PHI,14,1,436,79,196,.403,41,117,.350,38,79,.481,.508,45,48,.938,5,30,35,47,4,1,23,18,244\
342,Josh Richardson\\richajo01,SG,25,MIA,12,12,418,88,208,.423,34,82,.415,54,126,.429,.505,39,45,.867,13,35,48,42,14,10,27,41,249\
343,Malachi Richardson\\richama01,SG,23,TOR,7,0,35,2,10,.200,2,10,.200,0,0,,.300,1,2,.500,1,3,4,0,0,0,1,4,7\
344,Austin Rivers\\riverau01,SG,26,WAS,12,0,281,31,73,.425,12,38,.316,19,35,.543,.507,11,17,.647,3,24,27,22,7,5,17,29,85\
345,Duncan Robinson\\robindu01,PF,24,MIA,2,0,15,1,3,.333,1,3,.333,0,0,,.500,0,0,,0,5,5,0,1,0,0,0,3\
346,Glenn Robinson\\robingl02,SF,25,DET,11,4,189,24,56,.429,7,23,.304,17,33,.515,.491,14,15,.933,2,15,17,3,4,4,7,11,69\
347,Jerome Robinson\\robinje01,SG,21,LAC,7,0,35,8,17,.471,4,8,.500,4,9,.444,.588,0,0,,0,3,3,1,0,0,1,5,20\
348,Mitchell Robinson\\robinmi01,C,20,NYK,12,9,222,25,40,.625,0,0,,25,40,.625,.625,11,18,.611,26,26,52,4,9,22,4,28,61\
349,Rajon Rondo\\rondora01,PG,32,LAL,10,2,262,40,84,.476,9,20,.450,31,64,.484,.530,4,8,.500,10,38,48,68,11,0,24,25,93\
350,Derrick Rose\\rosede01,PG,30,MIN,12,4,351,83,181,.459,21,45,.467,62,136,.456,.517,39,48,.813,13,31,44,56,7,2,24,20,226\
351,Terrence Ross\\rosste01,SG,27,ORL,13,0,328,66,155,.426,28,79,.354,38,76,.500,.516,12,15,.800,4,32,36,27,14,8,18,30,172\
352,Terry Rozier\\roziete01,PG,24,BOS,13,1,303,40,104,.385,20,47,.426,20,57,.351,.481,14,17,.824,5,51,56,26,8,5,7,20,114\
353,Ricky Rubio\\rubiori01,PG,28,UTA,12,12,371,42,124,.339,14,50,.280,28,74,.378,.395,33,37,.892,3,36,39,95,17,2,40,39,131\
354,D'Angelo Russell\\russeda01,PG,22,BRK,13,13,349,76,186,.409,28,77,.364,48,109,.440,.484,24,30,.800,8,40,48,66,13,4,28,23,204\
355,Domantas Sabonis\\sabondo01,C,22,IND,13,0,313,71,104,.683,1,2,.500,70,102,.686,.688,40,53,.755,33,82,115,32,6,9,27,37,183\
356,Dario Saric\\saricda01,PF,24,PHI,13,13,396,48,132,.364,21,70,.300,27,62,.435,.443,27,30,.900,21,65,86,26,4,3,25,39,144\
357,Tomas Satoransky\\satorto01,SG,27,WAS,12,0,139,10,32,.313,3,7,.429,7,25,.280,.359,14,14,1.000,4,15,19,23,3,2,5,14,37\
358,Dennis Schroder\\schrode01,PG,25,OKC,12,5,352,75,177,.424,12,43,.279,63,134,.470,.458,38,48,.792,9,45,54,58,13,2,36,34,200\
359,Mike Scott\\scottmi01,PF,30,LAC,12,0,164,20,40,.500,12,27,.444,8,13,.615,.650,0,0,,2,31,33,14,5,2,4,25,52\
360,Thabo Sefolosha\\sefolth01,SF,34,UTA,2,0,9,0,2,.000,0,2,.000,0,0,,.000,1,2,.500,1,2,3,2,1,0,0,1,1\
361,Wayne Selden\\seldewa01,SG,24,MEM,11,0,170,26,52,.500,13,26,.500,13,26,.500,.625,7,9,.778,2,9,11,10,4,1,9,20,72\
362,Collin Sexton\\sextoco01,PG,20,CLE,12,2,306,50,116,.431,6,15,.400,44,101,.436,.457,34,37,.919,8,21,29,26,5,2,25,30,140\
363,Landry Shamet\\shamela01,SG,21,PHI,14,2,301,34,91,.374,23,69,.333,11,22,.500,.500,11,14,.786,3,13,16,16,9,3,8,20,102\
364,Iman Shumpert\\shumpim01,SG,28,SAC,11,9,269,36,86,.419,21,55,.382,15,31,.484,.541,10,12,.833,2,32,34,22,11,4,8,28,103\
365,Pascal Siakam\\siakapa01,PF,24,TOR,13,12,363,71,112,.634,6,22,.273,65,90,.722,.661,25,33,.758,20,67,87,27,15,5,21,35,173\
366,Ben Simmons\\simmobe01,PG,22,PHI,13,13,420,78,148,.527,0,0,,78,148,.527,.527,39,63,.619,30,95,125,101,19,11,45,39,195\
367,Jonathon Simmons\\simmojo02,SG,29,ORL,11,0,246,27,90,.300,4,28,.143,23,62,.371,.322,22,26,.846,9,20,29,27,5,6,15,22,80\
368,Anfernee Simons\\simonan01,SG,19,POR,2,0,3,1,2,.500,0,1,.000,1,1,1.000,.500,0,0,,0,0,0,0,0,0,0,1,2\
369,Marcus Smart\\smartma01,SG,24,BOS,13,0,316,21,64,.328,10,40,.250,11,24,.458,.406,18,25,.720,9,28,37,56,17,8,19,35,70\
370,Dennis Smith\\smithde03,PG,21,DAL,11,11,323,65,144,.451,17,41,.415,48,103,.466,.510,24,34,.706,9,20,29,43,11,4,37,33,171\
371,Ish Smith\\smithis01,PG,30,DET,12,0,329,49,117,.419,16,49,.327,33,68,.485,.487,5,7,.714,1,25,26,40,9,4,15,35,119\
372,J.R. Smith\\smithjr01,SG,33,CLE,8,2,153,18,51,.353,9,27,.333,9,24,.375,.441,8,8,1.000,0,13,13,13,10,2,9,15,53\
373,Jason Smith\\smithja02,C,32,WAS,8,1,98,12,28,.429,2,5,.400,10,23,.435,.464,7,8,.875,10,19,29,8,1,5,4,15,33\
374,Tony Snell\\snellto01,SG,27,MIL,13,0,211,31,60,.517,17,35,.486,14,25,.560,.658,7,9,.778,3,20,23,12,5,2,3,15,86\
375,Ray Spalding\\spaldra01,PF,21,DAL,1,0,1,0,0,,0,0,,0,0,,,0,0,,0,0,0,0,0,0,0,0,0\
376,Omari Spellman\\spellom01,PF,21,ATL,12,5,247,33,78,.423,13,35,.371,20,43,.465,.506,10,14,.714,25,40,65,15,6,7,8,21,89\
377,Nik Stauskas\\stausni01,SG,25,POR,13,0,247,34,83,.410,19,48,.396,15,35,.429,.524,15,16,.938,5,26,31,25,5,2,12,13,102\
378,Lance Stephenson\\stephla01,SG,28,LAL,13,0,215,47,99,.475,15,35,.429,32,64,.500,.551,7,9,.778,8,36,44,25,11,1,18,26,116\
379,Edmond Sumner\\sumneed01,PG,23,IND,5,0,20,1,4,.250,0,1,.000,1,3,.333,.250,0,2,.000,1,0,1,1,1,0,1,3,2\
380,Caleb Swanigan\\swanica01,PF,21,POR,7,0,80,9,27,.333,1,3,.333,8,24,.333,.352,4,5,.800,10,25,35,3,2,0,9,14,23\
381,Jayson Tatum\\tatumja01,SF,20,BOS,13,13,428,71,172,.413,22,57,.386,49,115,.426,.477,45,50,.900,18,73,91,33,12,7,23,34,209\
382,Jeff Teague\\teaguje01,PG,30,MIN,7,7,212,28,78,.359,7,22,.318,21,56,.375,.404,26,28,.929,1,16,17,48,6,1,13,18,89\
383,Garrett Temple\\templga01,SG,32,MEM,11,11,348,48,101,.475,21,49,.429,27,52,.519,.579,24,30,.800,5,31,36,11,11,3,12,29,141\
384,Milos Teodosic\\teodomi01,PG,31,LAC,7,0,73,8,13,.615,6,10,.600,2,3,.667,.846,1,2,.500,2,10,12,17,1,1,9,12,23\
385,Jared Terrell\\terreja01,SG,23,MIN,1,0,21,1,8,.125,1,2,.500,0,6,.000,.188,1,2,.500,0,1,1,1,2,1,2,2,4\
386,Daniel Theis\\theisda01,C,26,BOS,6,0,66,13,24,.542,2,6,.333,11,18,.611,.583,2,3,.667,7,12,19,4,0,1,5,14,30\
387,Khyri Thomas\\thomakh01,G,22,DET,1,0,4,1,3,.333,1,2,.500,0,1,.000,.500,0,0,,0,0,0,0,0,0,1,0,3\
388,Lance Thomas\\thomala01,PF,30,NYK,11,5,167,14,41,.341,5,17,.294,9,24,.375,.402,10,11,.909,4,20,24,6,7,3,6,22,43\
389,Klay Thompson\\thompkl01,SG,28,GSW,13,13,425,109,230,.474,31,87,.356,78,143,.545,.541,24,31,.774,6,41,47,21,11,8,23,28,273\
390,Tristan Thompson\\thomptr01,C,27,CLE,12,12,341,56,106,.528,0,0,,56,106,.528,.528,10,19,.526,53,69,122,22,9,4,17,21,122\
391,Sindarius Thornwell\\thornsi01,G,24,LAC,1,0,4,0,1,.000,0,1,.000,0,0,,.000,0,0,,0,1,1,0,0,0,1,1,0\
392,Anthony Tolliver\\tollian01,PF,33,MIN,13,0,252,24,54,.444,20,48,.417,4,6,.667,.630,7,12,.583,5,28,33,10,6,8,9,28,75\
393,Karl-Anthony Towns\\townska01,C,23,MIN,13,13,433,89,194,.459,26,64,.406,63,130,.485,.526,55,60,.917,38,103,141,27,12,27,39,44,259\
394,Gary Trent\\trentga02,SG,20,POR,1,0,7,1,4,.250,0,1,.000,1,3,.333,.250,0,0,,0,2,2,0,0,0,1,0,2\
395,Allonzo Trier\\trieral01,SG,23,NYK,14,1,334,53,110,.482,9,23,.391,44,87,.506,.523,44,50,.880,9,30,39,20,8,8,27,24,159\
396,P.J. Tucker\\tuckepj01,PF,33,HOU,12,12,431,34,76,.447,27,58,.466,7,18,.389,.625,7,10,.700,16,50,66,14,17,6,9,36,102\
397,Evan Turner\\turneev01,PG,30,POR,13,0,332,53,108,.491,4,20,.200,49,88,.557,.509,15,23,.652,5,61,66,54,11,4,26,30,125\
398,Myles Turner\\turnemy01,C,22,IND,14,14,373,62,128,.484,2,16,.125,60,112,.536,.492,27,34,.794,19,48,67,16,5,34,21,43,153\
399,Ekpe Udoh\\udohek01,C,31,UTA,8,0,41,2,2,1.000,0,0,,2,2,1.000,1.000,4,6,.667,1,6,7,3,1,5,3,6,8\
400,Tyler Ulis\\ulisty01,PG,23,CHI,1,0,1,0,0,,0,0,,0,0,,,0,0,,0,0,0,0,0,0,0,0,0\
401,Jonas Valanciunas\\valanjo01,C,26,TOR,13,5,249,67,122,.549,6,16,.375,61,106,.575,.574,40,49,.816,26,73,99,14,9,14,13,40,180\
402,Fred VanVleet\\vanvlfr01,PG,24,TOR,9,0,214,33,86,.384,11,38,.289,22,48,.458,.448,12,18,.667,3,21,24,41,5,1,15,21,89\
403,Noah Vonleh\\vonleno01,PF,23,NYK,14,9,312,35,74,.473,5,16,.313,30,58,.517,.507,29,39,.744,31,85,116,22,9,12,20,37,104\
404,Nikola Vucevic\\vucevni01,C,28,ORL,13,13,384,101,185,.546,11,25,.440,90,160,.563,.576,22,29,.759,35,107,142,45,14,17,28,26,235\
405,Dwyane Wade\\wadedw01,SG,37,MIA,9,0,231,49,109,.450,15,36,.417,34,73,.466,.518,16,27,.593,12,24,36,26,4,4,24,19,129\
406,Kemba Walker\\walkeke02,PG,28,CHO,13,13,444,124,271,.458,51,133,.383,73,138,.529,.552,64,74,.865,5,51,56,82,11,4,26,18,363\
407,John Wall\\walljo01,PG,28,WAS,12,12,433,95,208,.457,17,57,.298,78,151,.517,.498,55,77,.714,7,33,40,97,28,12,45,31,262\
408,Tyrone Wallace\\wallaty01,PG,24,LAC,7,0,32,6,12,.500,0,0,,6,12,.500,.500,3,5,.600,0,3,3,2,0,0,1,2,15\
409,Taurean Waller-Prince\\princta02,SF,24,ATL,12,11,340,64,154,.416,29,83,.349,35,71,.493,.510,27,31,.871,3,57,60,33,16,3,41,38,184\
410,Brad Wanamaker\\wanambr01,PG,29,BOS,2,0,6,2,4,.500,0,1,.000,2,3,.667,.500,2,2,1.000,0,1,1,0,0,0,1,0,6\
411,T.J. Warren\\warretj01,SF,25,PHO,11,4,289,63,133,.474,19,40,.475,44,93,.473,.545,31,34,.912,10,34,44,14,7,9,13,26,176\
412,Yuta Watanabe\\watanyu01,SG,24,MEM,1,0,5,0,0,,0,0,,0,0,,,2,2,1.000,0,2,2,0,0,0,1,0,2\
413,Thomas Welsh\\welshth01,C,22,DEN,3,0,7,0,1,.000,0,1,.000,0,0,,.000,0,0,,0,2,2,2,0,0,0,1,0\
414,Russell Westbrook\\westbru01,PG,30,OKC,7,7,220,67,137,.489,2,20,.100,65,117,.556,.496,33,52,.635,7,51,58,62,15,1,29,21,169\
415,Derrick White\\whitede01,PG,24,SAS,2,2,46,4,12,.333,1,2,.500,3,10,.300,.375,5,6,.833,0,5,5,11,3,0,4,3,14\
416,Hassan Whiteside\\whiteha01,C,29,MIA,11,11,323,59,114,.518,1,7,.143,58,107,.542,.522,35,60,.583,44,127,171,7,4,39,21,33,154\
417,Andrew Wiggins\\wiggian01,SF,23,MIN,9,9,290,57,137,.416,19,48,.396,38,89,.427,.485,20,25,.800,4,29,33,17,16,5,13,24,153\
418,C.J. Williams\\willicj01,SG,28,MIN,5,0,53,5,14,.357,0,6,.000,5,8,.625,.357,0,0,,0,2,2,3,1,0,3,10,10\
419,Johnathan Williams\\willijo04,C,23,LAL,6,0,85,11,19,.579,0,0,,11,19,.579,.579,1,5,.200,11,10,21,4,1,3,2,19,23\
420,Kenrich Williams\\willike04,SF,24,NOP,5,0,27,2,5,.400,1,2,.500,1,3,.333,.500,0,0,,0,5,5,0,0,0,1,7,5\
421,Lou Williams\\willilo02,SG,32,LAC,12,0,310,73,172,.424,19,50,.380,54,122,.443,.480,58,62,.935,5,23,28,49,7,2,29,11,223\
422,Marvin Williams\\willima02,PF,32,CHO,13,13,298,38,96,.396,15,54,.278,23,42,.548,.474,7,12,.583,9,49,58,11,8,13,7,21,98\
423,Robert Williams\\williro04,C,21,BOS,5,0,15,2,2,1.000,0,0,,2,2,1.000,1.000,1,2,.500,3,1,4,1,0,3,0,4,5\
424,Troy Williams\\willitr02,SF,24,SAC,6,0,104,16,30,.533,6,13,.462,10,17,.588,.633,5,7,.714,2,14,16,5,2,2,2,17,43\
425,Justise Winslow\\winslju01,PF,22,MIA,8,5,235,31,87,.356,6,24,.250,25,63,.397,.391,15,23,.652,12,26,38,35,11,4,17,22,83\
426,Christian Wood\\woodch01,PF,23,MIL,3,0,15,1,4,.250,1,2,.500,0,2,.000,.375,3,4,.750,0,3,3,0,0,0,1,2,6\
427,Delon Wright\\wrighde01,PG,26,TOR,8,0,122,16,37,.432,4,12,.333,12,25,.480,.486,11,11,1.000,4,12,16,8,3,2,2,7,47\
428,Guerschon Yabusele\\yabusgu01,PF,23,BOS,7,0,23,2,7,.286,0,3,.000,2,4,.500,.286,0,0,,3,4,7,1,0,1,1,3,4\
429,Thaddeus Young\\youngth01,PF,30,IND,14,14,396,59,119,.496,3,17,.176,56,102,.549,.508,10,23,.435,25,50,75,20,19,6,17,28,131\
430,Trae Young\\youngtr01,PG,20,ATL,13,13,398,86,202,.426,23,81,.284,63,121,.521,.483,46,57,.807,9,34,43,106,5,4,52,23,241\
431,Cody Zeller\\zelleco01,C,26,CHO,13,13,305,47,82,.573,1,4,.250,46,78,.590,.579,25,28,.893,24,50,74,20,7,10,16,44,120\
432,Ante Zizic\\zizican01,C,22,CLE,10,0,79,14,25,.560,0,0,,14,25,.560,.560,12,16,.750,11,17,28,4,1,1,10,11,40\
433,Ivica Zubac\\zubaciv01,C,21,LAL,5,0,40,5,12,.417,0,0,,5,12,.417,.417,4,4,1.000,9,10,19,2,1,1,3,12,14\
